-0.160199
-0.138316
-0.122068
-0.115821
-0.103257
-0.106447
-0.107948
-0.118476
-0.131064
-0.131814
-0.118641
-0.110480
-0.105083
-0.100079
-0.105712
-0.103328
-0.108199
-0.109525
-0.117097
-0.125311
-0.132978
-0.130609
-0.136223
-0.127329
-0.135911
-0.134575
-0.134381
-0.136471
-0.129728
-0.126670
-0.130830
-0.133569
-0.128058
-0.125209
-0.118051
-0.119450
-0.120906
-0.124373
-0.136677
-0.133308
-0.131396
-0.130266
-0.127995
-0.120174
-0.110916
-0.109851
-0.112571
-0.118977
-0.123470
-0.126325
-0.129560
-0.133738
-0.128859
-0.121743
-0.110347
-0.077186
-0.106574
-0.110105
-0.111189
-0.105834
-0.095158
-0.090709
-0.100080
-0.106893
-0.127120
-0.145299
-0.145238
-0.144808
-0.151330
-0.125615
-0.114825
-0.108310
-0.102324
-0.093024
-0.092836
-0.098215
-0.100854
-0.098435
-0.101553
-0.098947
-0.106979
-0.105558
-0.101253
-0.100292
-0.099565
-0.110855
-0.129470
-0.147717
-0.140595
-0.146421
-0.149447
-0.148706
-0.154558
-0.138885
-0.143587
-0.132054
-0.139846
-0.131356
-0.136079
-0.135965
-0.138316
-0.128981
-0.117465
-0.126560
-0.121706
-0.117270
-0.121466
-0.106544
-0.093811
-0.078540
-0.065238
-0.062576
-0.057158
-0.058769
-0.054379
-0.058484
-0.056765
-0.031410
-0.076954
-0.079336
-0.079723
-0.083106
-0.072942
-0.077376
-0.079611
-0.090338
-0.090254
-0.089524
-0.087776
-0.087682
-0.085801
-0.088802
-0.087758
-0.095067
-0.101577
-0.014572
-0.066468
-0.088828
-0.016724
-0.063587
-0.053094
-0.083041
-0.005802
-0.084033
-0.089127
-0.044108
-0.021513
-0.079244
-0.105856
-0.065257
-0.081786
-0.084930
-0.091825
-0.086810
-0.082442
-0.076574
-0.097429
-0.077942
-0.075879
-0.089699
-0.057570
-0.087373
-0.080893
-0.077552
-0.078030
-0.077449
-0.071587
-0.078761
-0.077176
-0.058039
-0.059862
-0.063279
-0.060646
-0.008352
-0.102530
-0.047116
-0.017543
-0.026733
-0.054318
-0.022811
-0.071332
-0.059739
-0.063480
-0.056715
-0.104490
-0.052641
-0.058270
-0.061425
-0.033707
-0.058288
-0.061888
-0.065533
-0.067617
-0.077874
-0.071838
-0.061568
-0.070135
-0.060561
-0.061318
-0.061372
-0.059701
-0.057528
-0.059228
-0.058104
-0.065516
-0.062360
-0.063716
-0.061078
-0.046181
0.055647
-0.089614
-0.006816
0.002129
-0.042200
-0.072433
-0.086171
-0.081338
-0.085344
-0.080736
-0.109751
-0.106303
-0.120827
-0.114308
-0.137203
-0.176620
-0.201017
-0.227494
-0.234047
-0.237571
-0.247193
-0.248852
-0.255731
-0.253322
-0.245996
-0.254618
-0.222238
-0.182392
-0.170831
-0.077230
-0.093019
-0.070495
-0.040221
-0.044933
-0.070625
-0.067862
-0.094051
-0.100858
-0.057524
-0.104533
-0.123673
-0.122366
-0.143092
-0.170890
-0.195652
-0.215883
-0.214230
-0.191132
-0.202688
-0.221345
-0.223154
-0.228658
-0.220374
-0.224420
-0.244112
-0.254087
-0.221223
-0.251625
-0.246994
-0.283494
-0.273455
-0.310608
-0.306549
-0.317280
-0.308725
-0.314200
-0.290710
-0.283849
-0.288943
-0.272960
-0.258370
-0.235756
-0.217149
-0.193406
-0.181822
-0.165659
-0.144304
-0.138401
-0.116305
-0.114751
-0.101998
-0.090756
-0.080615
-0.070653
-0.060687
-0.051086
-0.046849
-0.044642
-0.044505
-0.044963
-0.046449
-0.054120
-0.060979
-0.081297
-0.106792
-0.107584
-0.103782
-0.078509
-0.072503
-0.082149
-0.065134
-0.060872
-0.051587
-0.035044
0.000000
0.000000
0.000000
0.000000
-0.084073
-0.097310
-0.115495
-0.132088
-0.153641
-0.159095
-0.167318
-0.171123
-0.180600
-0.164367
-0.162545
-0.142710
-0.137574
-0.115298
-0.120618
-0.096544
-0.093302
-0.096348
-0.093961
-0.090030
-0.089905
-0.092137
-0.087846
-0.090774
-0.092916
-0.091706
-0.091498
-0.089967
-0.065288
-0.095695
-0.095934
-0.093263
-0.092034
-0.090570
-0.095137
-0.097377
-0.106503
-0.108109
-0.094715
-0.101902
-0.085484
-0.098394
-0.110453
-0.098340
-0.100309
-0.117362
-0.119007
-0.124018
-0.133014
-0.138704
-0.105834
-0.107793
-0.114249
-0.137678
-0.123093
-0.142458
-0.129607
-0.107842
