-0.106799
-0.127810
-0.123982
-0.118541
-0.108352
-0.107082
-0.107659
-0.114871
-0.125666
-0.129765
-0.122349
-0.114436
-0.108201
-0.102787
-0.104737
-0.103797
-0.106732
-0.108594
-0.114262
-0.121628
-0.129195
-0.130137
-0.134194
-0.129617
-0.133813
-0.134321
-0.134361
-0.135767
-0.131741
-0.128360
-0.130007
-0.132382
-0.129499
-0.126639
-0.120914
-0.119938
-0.120583
-0.123110
-0.132154
-0.132924
-0.131905
-0.130812
-0.128934
-0.123094
-0.114975
-0.111559
-0.112234
-0.116729
-0.121223
-0.124624
-0.127915
-0.131797
-0.129838
-0.124441
-0.115045
-0.089806
-0.100984
-0.107065
-0.109814
-0.107161
-0.099159
-0.093526
-0.097895
-0.103894
-0.119378
-0.136659
-0.142378
-0.143998
-0.148886
-0.133372
-0.121007
-0.112543
-0.105730
-0.097259
-0.094310
-0.096913
-0.099541
-0.098804
-0.100637
-0.099510
-0.104489
-0.105201
-0.102569
-0.101051
-0.100060
-0.107257
-0.122065
-0.139167
-0.140119
-0.144320
-0.147738
-0.148383
-0.152499
-0.143423
-0.143532
-0.135880
-0.138524
-0.133745
-0.135301
-0.135743
-0.137458
-0.131807
-0.122245
-0.125122
-0.122844
-0.119128
-0.120687
-0.111258
-0.099627
-0.085569
-0.072015
-0.065722
-0.060013
-0.059184
-0.055981
-0.057650
-0.057060
-0.039960
-0.064623
-0.074432
-0.077959
-0.081390
-0.075758
-0.076837
-0.078686
-0.086454
-0.088987
-0.089345
-0.088299
-0.087888
-0.086497
-0.088033
-0.087850
-0.092661
-0.098605
-0.042583
-0.058507
-0.078721
-0.037390
-0.054855
-0.053681
-0.073255
-0.028286
-0.065451
-0.081235
-0.056483
-0.033170
-0.063886
-0.091866
-0.074127
-0.079233
-0.083031
-0.088894
-0.087504
-0.084129
-0.079092
-0.091317
-0.082401
-0.078053
-0.085817
-0.066985
-0.080577
-0.080788
-0.078630
-0.078230
-0.077710
-0.073628
-0.077050
-0.077134
-0.064404
-0.061376
-0.062645
-0.061312
-0.026005
-0.077022
-0.057085
-0.030724
-0.028063
-0.045567
-0.030396
-0.057687
-0.059055
-0.062005
-0.058478
-0.089153
-0.064811
-0.060450
-0.061100
-0.042838
-0.053138
-0.058972
-0.063346
-0.066194
-0.073980
-0.072552
-0.065229
-0.068500
-0.063207
-0.061948
-0.061564
-0.060322
-0.058459
-0.058972
-0.058394
-0.063142
-0.062621
-0.063351
-0.061836
-0.051399
0.019965
-0.053088
-0.022240
-0.005994
-0.030131
-0.058333
-0.076892
-0.079856
-0.083515
-0.081663
-0.100388
-0.104331
-0.115328
-0.114648
-0.129685
-0.160975
-0.187669
-0.214219
-0.227438
-0.234193
-0.242860
-0.246855
-0.252772
-0.253139
-0.248377
-0.252538
-0.232338
-0.199041
-0.180234
-0.111565
-0.099201
-0.080064
-0.053502
-0.047789
-0.063013
-0.066245
-0.084782
-0.095499
-0.070182
-0.093083
-0.113476
-0.119403
-0.135195
-0.158992
-0.183432
-0.205066
-0.211175
-0.197813
-0.201063
-0.214584
-0.220297
-0.225871
-0.222206
-0.223682
-0.237302
-0.248492
-0.230313
-0.244521
-0.246169
-0.271052
-0.272654
-0.297957
-0.303685
-0.312749
-0.310066
-0.312822
-0.298081
-0.288593
-0.288826
-0.278249
-0.264996
-0.245503
-0.226600
-0.204471
-0.189372
-0.173563
-0.154057
-0.143620
-0.125410
-0.118304
-0.107433
-0.096315
-0.085849
-0.075718
-0.065697
-0.055957
-0.049885
-0.046390
-0.045133
-0.045020
-0.045972
-0.051404
-0.057787
-0.073461
-0.095682
-0.103616
-0.103727
-0.086915
-0.077307
-0.080535
-0.070268
-0.064004
-0.055726
-0.041938
-0.013979
-0.004660
-0.001553
-0.000518
-0.056221
-0.083614
-0.104868
-0.123014
-0.143432
-0.153874
-0.162837
-0.168361
-0.176520
-0.168418
-0.164502
-0.149974
-0.141708
-0.124101
-0.121779
-0.104955
-0.097186
-0.096628
-0.094850
-0.091637
-0.090483
-0.091585
-0.089093
-0.090213
-0.092015
-0.091809
-0.091602
-0.090512
-0.073696
-0.088362
-0.093410
-0.093312
-0.092460
-0.091200
-0.093824
-0.096193
-0.103067
-0.106428
-0.098619
-0.100808
-0.090592
-0.095793
-0.105566
-0.100749
-0.100456
-0.111727
-0.116580
-0.121539
-0.129189
-0.135532
-0.115733
-0.110440
-0.112979
-0.129445
-0.125210
-0.136709
-0.131975
-0.115886
